{
  "uc_davis_court1": {
    "H_frame": [
      [
        0.18476797579091414,
        -0.16740853711693232,
        478.889497694505
      ],
      [
        0.0005108618286714943,
        -0.0015178826930287565,
        104.62306740558891
      ],
      [
        4.187392038290924e-06,
        -0.00026633448445691606,
        1.0
      ]
    ],
    "H_ref": [
      [
        5.468282604502327,
        8.273712607557748,
        -3484.324301556704
      ],
      [
        -0.015102158507948453,
        37.932354197358165,
        -3961.366984940902
      ],
      [
        -2.692006864161888e-05,
        0.010068048721090527,
        -0.04045840183972085
      ]
    ],
    "keypoints": [
      [
        514.0,
        122.0
      ],
      [
        743.0,
        121.0
      ],
      [
        184.0,
        457.0
      ],
      [
        1071.4473876953125,
        453.473388671875
      ],
      [
        543.0,
        124.0
      ],
      [
        290.0,
        456.0
      ],
      [
        718.0,
        122.0
      ],
      [
        971.0,
        451.0
      ],
      [
        526.0,
        147.0
      ],
      [
        736.0,
        149.0
      ],
      [
        430.0,
        271.0
      ],
      [
        832.0,
        274.0
      ],
      [
        628.0,
        145.0
      ],
      [
        635.0,
        272.0
      ]
    ]
  },
  "uc_davis_court1_zoomed": {
    "H_frame": [
      [
        0.2468736615361345,
        -0.16640837121066668,
        419.7798613962043
      ],
      [
        9.094736305124515e-05,
        0.007875409532786879,
        102.6776395003653
      ],
      [
        7.218044686606006e-07,
        -0.00026743988557481293,
        1.0
      ]
    ],
    "H_ref": [
      [
        4.055208310326888,
        6.213554432340639,
        -2340.287884461526
      ],
      [
        -0.0019319413047230714,
        28.297186648489227,
        -2904.677339515005
      ],
      [
        -3.4437456412159443e-06,
        0.0075633113880055535,
        0.2248626549413118
      ]
    ],
    "keypoints": [
      [
        467.0,
        126.0
      ],
      [
        781.0,
        126.0
      ],
      [
        9.184538841247559,
        584.4649047851562
      ],
      [
        1249.00537109375,
        577.6605224609375
      ],
      [
        501.0,
        127.0
      ],
      [
        166.1835479736328,
        583.4472045898438
      ],
      [
        744.0,
        126.0
      ],
      [
        1102.0,
        583.0
      ],
      [
        482.0,
        156.0
      ],
      [
        771.0,
        161.0
      ],
      [
        349.0,
        334.0
      ],
      [
        906.0,
        335.0
      ],
      [
        627.0,
        158.0
      ],
      [
        630.0,
        334.0
      ]
    ]
  },
  "uc_davis_court2": {
    "H_frame": [
      [
        0.2708076560154744,
        -0.25322125631252634,
        723.7667560533424
      ],
      [
        0.0023912790347496923,
        -0.006719493640020656,
        164.67935042513423
      ],
      [
        7.85255854878827e-06,
        -0.00026934876260235007,
        1.0
      ]
    ],
    "H_ref": [
      [
        3.747781213340209,
        5.802958095302113,
        -3668.146820855529
      ],
      [
        -0.10934893452534118,
        26.400508211256486,
        -4268.475419503845
      ],
      [
        -5.888267161208877e-05,
        0.007065376150575594,
        -0.12090423476558843
      ]
    ],
    "keypoints": [
      [
        773.0,
        191.0
      ],
      [
        1111.0,
        191.0
      ],
      [
        279.0,
        684.0
      ],
      [
        1607.0,
        673.0
      ],
      [
        817.0,
        190.0
      ],
      [
        447.0,
        686.0
      ],
      [
        1071.0,
        190.0
      ],
      [
        1456.0,
        680.0
      ],
      [
        791.0,
        222.0
      ],
      [
        1097.0,
        225.0
      ],
      [
        649.0,
        412.0
      ],
      [
        1246.0,
        415.0
      ],
      [
        945.0,
        227.0
      ],
      [
        947.0,
        415.0
      ]
    ]
  },
  "uc_davis_court4": {
    "H_frame": [
      [
        0.26947130266651614,
        -0.2582571446686186,
        739.6331076295305
      ],
      [
        0.004880892540828916,
        -0.0014372493155271281,
        142.5311013791331
      ],
      [
        4.193405609368055e-06,
        -0.0002690709946197508,
        1.0
      ]
    ],
    "H_ref": [
      [
        3.659734211343544,
        5.873554429934467,
        -3544.0247697429804
      ],
      [
        -0.42464897840410304,
        26.40866217649732,
        -3449.9712624168847
      ],
      [
        -0.00012960747295409728,
        0.007081174802313711,
        0.08657433436111116
      ]
    ],
    "keypoints": [
      [
        790.0,
        168.0
      ],
      [
        1132.0,
        173.0
      ],
      [
        288.0,
        662.0
      ],
      [
        1627.7001953125,
        669.9174194335938
      ],
      [
        833.0,
        169.0
      ],
      [
        451.0,
        662.0
      ],
      [
        1088.0,
        173.0
      ],
      [
        1468.0,
        670.0
      ],
      [
        805.0,
        204.0
      ],
      [
        1114.0,
        209.0
      ],
      [
        658.0,
        392.0
      ],
      [
        1263.0,
        396.0
      ],
      [
        961.0,
        206.0
      ],
      [
        961.0,
        394.0
      ]
    ]
  },
  "uc_davis_court6": {
    "H_frame": [
      [
        0.2786545499540399,
        -0.2575244882954954,
        732.9215195664876
      ],
      [
        0.005039296624027781,
        -0.00993322459450086,
        175.84042925786235
      ],
      [
        3.0530721135833605e-06,
        -0.000267456954812516,
        1.0
      ]
    ],
    "H_ref": [
      [
        3.522600928269845,
        5.839854970789942,
        -3608.672630041219
      ],
      [
        -0.42754171546827296,
        26.24791638353517,
        -4302.090360226232
      ],
      [
        -0.00012510375993584697,
        0.007002358287755174,
        -0.13960644930055793
      ]
    ],
    "keypoints": [
      [
        787.0,
        203.0
      ],
      [
        1135.0,
        207.0
      ],
      [
        280.0,
        685.0
      ],
      [
        1635.0,
        697.0
      ],
      [
        827.0,
        205.0
      ],
      [
        439.0,
        688.0
      ],
      [
        1094.0,
        207.0
      ],
      [
        1477.0,
        699.0
      ],
      [
        802.0,
        237.0
      ],
      [
        1122.0,
        242.0
      ],
      [
        651.0,
        423.0
      ],
      [
        1274.0,
        428.0
      ],
      [
        961.0,
        237.0
      ],
      [
        962.0,
        425.0
      ]
    ]
  }
}