{
  "uc_davis_court1": {
    "H_frame": [
      [
        0.18476797579091414,
        -0.16740853711693232,
        478.889497694505
      ],
      [
        0.0005108618286714943,
        -0.0015178826930287565,
        104.62306740558891
      ],
      [
        4.187392038290924e-06,
        -0.00026633448445691606,
        1.0
      ]
    ],
    "H_ref": [
      [
        5.468282604502327,
        8.273712607557748,
        -3484.324301556704
      ],
      [
        -0.015102158507948453,
        37.932354197358165,
        -3961.366984940902
      ],
      [
        -2.692006864161888e-05,
        0.010068048721090527,
        -0.04045840183972085
      ]
    ],
    "keypoints": [
      [
        514.0,
        122.0
      ],
      [
        743.0,
        121.0
      ],
      [
        184.0,
        457.0
      ],
      [
        1071.4473876953125,
        453.473388671875
      ],
      [
        543.0,
        124.0
      ],
      [
        290.0,
        456.0
      ],
      [
        718.0,
        122.0
      ],
      [
        971.0,
        451.0
      ],
      [
        526.0,
        147.0
      ],
      [
        736.0,
        149.0
      ],
      [
        430.0,
        271.0
      ],
      [
        832.0,
        274.0
      ],
      [
        628.0,
        145.0
      ],
      [
        635.0,
        272.0
      ]
    ]
  },
  "uc_davis_court1_zoomed": {
    "H_frame": [
      [
        0.2468736615361345,
        -0.16640837121066668,
        419.7798613962043
      ],
      [
        9.094736305124515e-05,
        0.007875409532786879,
        102.6776395003653
      ],
      [
        7.218044686606006e-07,
        -0.00026743988557481293,
        1.0
      ]
    ],
    "H_ref": [
      [
        4.055208310326888,
        6.213554432340639,
        -2340.287884461526
      ],
      [
        -0.0019319413047230714,
        28.297186648489227,
        -2904.677339515005
      ],
      [
        -3.4437456412159443e-06,
        0.0075633113880055535,
        0.2248626549413118
      ]
    ],
    "keypoints": [
      [
        467.0,
        126.0
      ],
      [
        781.0,
        126.0
      ],
      [
        9.184538841247559,
        584.4649047851562
      ],
      [
        1249.00537109375,
        577.6605224609375
      ],
      [
        501.0,
        127.0
      ],
      [
        166.1835479736328,
        583.4472045898438
      ],
      [
        744.0,
        126.0
      ],
      [
        1102.0,
        583.0
      ],
      [
        482.0,
        156.0
      ],
      [
        771.0,
        161.0
      ],
      [
        349.0,
        334.0
      ],
      [
        906.0,
        335.0
      ],
      [
        627.0,
        158.0
      ],
      [
        630.0,
        334.0
      ]
    ]
  },
  "stmarys_court2": {
    "H_frame": [
      [
        0.1804160402489155,
        -0.16739402710322923,
        479.85045671736907
      ],
      [
        0.0006162948593487177,
        -0.0036285118107730477,
        109.11656392638035
      ],
      [
        4.891229042449992e-06,
        -0.00026764891491191066,
        1.0
      ]
    ],
    "H_ref": [
      [
        5.611836554403851,
        8.548952812844647,
        -3625.6746897602866
      ],
      [
        -0.018119413178131965,
        39.07091353579363,
        -4254.589225801527
      ],
      [
        -3.2298419212350205e-05,
        0.010415472726191527,
        -0.1210021843406535
      ]
    ],
    "keypoints": [
      [
        514.0,
        126.0
      ],
      [
        741.0,
        126.0
      ],
      [
        186.0,
        457.0
      ],
      [
        1073.0,
        449.0
      ],
      [
        542.0,
        127.0
      ],
      [
        295.0,
        460.0
      ],
      [
        714.0,
        127.0
      ],
      [
        971.0,
        454.0
      ],
      [
        526.0,
        150.0
      ],
      [
        732.0,
        151.0
      ],
      [
        431.0,
        276.0
      ],
      [
        830.0,
        275.0
      ],
      [
        628.0,
        149.0
      ],
      [
        635.0,
        276.0
      ]
    ]
  },
  "stmarys_court4": {
    "H_frame": [
      [
        0.1779255347866246,
        -0.17057785603183226,
        492.25426119774596
      ],
      [
        0.00162817291678536,
        0.0006162067648575301,
        93.61183181939829
      ],
      [
        6.337547598044698e-07,
        -0.0002665275635515859,
        1.0
      ]
    ],
    "H_ref": [
      [
        5.5546304141498215,
        8.55551333036256,
        -3535.1877657543705
      ],
      [
        -0.3408528354416366,
        38.58893016773539,
        -3444.5941802650705
      ],
      [
        -9.436694922383117e-05,
        0.010279591440373116,
        0.08416114778332803
      ]
    ],
    "keypoints": [
      [
        526.0,
        111.0
      ],
      [
        754.0,
        113.0
      ],
      [
        195.0,
        440.0
      ],
      [
        1083.946533203125,
        446.7461242675781
      ],
      [
        554.0,
        112.0
      ],
      [
        301.0,
        441.0
      ],
      [
        725.0,
        114.0
      ],
      [
        977.0,
        445.0
      ],
      [
        537.0,
        135.0
      ],
      [
        745.0,
        141.0
      ],
      [
        439.0,
        261.0
      ],
      [
        839.0,
        264.0
      ],
      [
        640.0,
        136.0
      ],
      [
        639.0,
        263.0
      ]
    ]
  },
  "stmarys_court6": {
    "H_frame": [
      [
        0.18940003696817137,
        -0.1715336746454596,
        486.8929340341598
      ],
      [
        0.004592483191650015,
        -0.00601631369414139,
        115.71578086446407
      ],
      [
        7.420514632510085e-06,
        -0.00026787666398330894,
        1.0
      ]
    ],
    "H_ref": [
      [
        5.210205832816386,
        8.573348507473801,
        -3528.8841220273816
      ],
      [
        -0.7787415301652197,
        38.748620252133634,
        -4104.663101419835
      ],
      [
        -0.0002472690918267198,
        0.010316232469048323,
        -0.07335732211979112
      ]
    ],
    "keypoints": [
      [
        522.0,
        134.0
      ],
      [
        758.0,
        138.0
      ],
      [
        189.0,
        460.0
      ],
      [
        1092.0,
        466.0
      ],
      [
        552.0,
        134.0
      ],
      [
        293.0,
        461.0
      ],
      [
        730.0,
        138.0
      ],
      [
        987.0,
        464.0
      ],
      [
        534.0,
        158.0
      ],
      [
        747.0,
        158.0
      ],
      [
        431.0,
        283.0
      ],
      [
        849.0,
        288.0
      ],
      [
        640.0,
        156.0
      ],
      [
        642.0,
        280.0
      ]
    ]
  }
}